((("~/.zshrc" .
   [1 0 0 0 0 0 0 0])
  ("~/.zshenv" .
   [0 0 0 0 0 0 0 1 0])
  ("~/.zprofile" .
   [0 0 0 0 0 0 0 1 0 0 0])
  ("~/.zlogout" .
   [1 0 0 0 0 0 0 0 0 0])
  ("~/.zlogin" .
   [1 0 0 0 0 0 0 0 0])
  ("~/.dir_colors" .
   [0 0 0 0 0 0 1 0 0 0 0 0 0])
  ("~/.dotfiles" .
   [0 0 0 0 0 0 1 0 0 0 0])
  ("anyenv" .
   [2 0 0 0 0 0])
  ("ANYENV_ROOT=" .
   [0 0 0 1 0 0 0 0 0 0 0 0])
  ("p" .
   [1])
  ("pyenv" .
   [1 0 0 0 0])
  ("P" .
   [1])
  ("PATH" .
   [3 0 0 0])
  ("/bin" .
   [2 0 0 0])
  ("PYENV_ROOT=" .
   [1 0 0 0 1 0 0 0 0 0 0])
  ("HOME" .
   [7 0 0 0])
  ("Git" .
   [1 0 0])
  ("rainbow-delimiters-using-stronger-colors" .
   [0 0 0 0 0 0 0 0 0 0 0 0 0 0 0 0 0 0 0 0 1 0 0 0 0 0 0 0 0 0 0 0 0 0 0 0 0 0 0 0])
  ("emacs-startup-hook" .
   [0 0 0 0 0 0 0 0 0 0 0 0 0 0 0 0 0 1])
  ("face-foreground" .
   [0 0 0 0 0 0 0 0 0 1 0 0 0 0 0])
  ("color-saturate-name" .
   [1 0 0 0 0 0 0 0 0 0 0 0 0 0 0 0 0 0 0])
  ("cl-callf" .
   [1 0 0 0 0 0 0 0])
  ("face" .
   [2 0 0 0])
  ("let" .
   [1 0 0])
  ("dom" .
   [0 0 2])
  ("cl-loop" .
   [1 0 0 0 0 0 0])
  ("interactive" .
   [0 0 0 0 0 0 0 0 0 0 1])
  ("intern" .
   [1 0 0 0 0 1])
  ("defun" .
   [0 0 0 0 1])
  ("color" .
   [1 0 0 0 0])
  ("cl-lib" .
   [1 0 0 0 0 0])
  ("prog-mode" .
   [1 0 0 0 0 0 0 0 0])
  ("add-hook" .
   [0 0 0 1 0 0 1 0])
  ("rainbow-delimiters" .
   [0 0 0 1 0 0 0 0 0 0 2 0 0 0 0 0 0 2])
  ("ra" .
   [2 0])
  ("PopWin" .
   [0 0 0 0 0 1])
  ("powerline" .
   [0 0 0 0 0 1 0 0 1])
  ("depends-on" .
   [2 0 0 0 1 5 0 0 0 0])
  ("Share" .
   [1 0 0 0 0])
  ("$share" .
   [2 0 0 0 0 0])
  ("$shares" .
   [0 0 0 0 0 0 1])
  ("$covers" .
   [1 0 0 0 0 0 0])
  ("implode" .
   [0 0 0 0 0 0 1])
  ("cover" .
   [1 0 0 0 0])
  ("get" .
   [6 0 0])
  ("Input" .
   [1 0 0 0 0])
  ("form" .
   [1 0 0 0])
  ("$userModel" .
   [1 0 0 0 0 0 0 0 0 0])
  ("$coverModel" .
   [1 0 0 0 0 0 0 0 0 0 0])
  ("$cover" .
   [10 0 0 0 0 1])
  ("Cover" .
   [3 0 0 0 0])
  ("App" .
   [2 0 0])
  ("view" .
   [2 0 0 0])
  ("$inputs" .
   [0 0 0 1 0 0 0])
  ("Request" .
   [0 0 1 0 0 0 2])
  ("col" .
   [1 0 0])
  ("col-md-" .
   [0 0 0 0 0 0 1])
  ("format" .
   [0 0 0 1 0 1])
  ("stop" .
   [1 0 0 0])
  ("parent" .
   [0 0 0 1 0 0])
  ("extends" .
   [1 0 0 0 0 0 0])
  ("Name" .
   [1 0 0 0])
  ("Last" .
   [1 0 0 0])
  ("$userid" .
   [2 0 0 0 0 0 0])
  ("template" .
   [0 0 0 2 0 0 0 0])
  ("firstname" .
   [0 0 0 0 0 2 0 0 0])
  ("*******************************************" .
   [0 0 2 0 0 0 0 0 1 0 0 0 0 0 0 0 0 0 0 0 0 0 0 0 0 0 0 0 0 0 0 0 0 0 0 0 0 0 0 0 0 0 1])
  ("$lo_Ret" .
   [0 0 0 0 0 0 1])
  ("var_dump" .
   [0 0 0 0 1 0 1 17])
  ("skeleton" .
   [1 0 0 1 0 0 0 0])
  ("php" .
   [1 0 0])
  ("phpinfo" .
   [0 0 0 7 1 0 3])
  ("require_self" .
   [0 0 0 0 0 0 0 0 1 0 0 0])
  ("require" .
   [5 0 0 0 0 0 5])
  ("userlist" .
   [2 0 0 0 0 0 0 0])
  ("drop" .
   [1 0 0 0])
  ("Schema" .
   [1 0 0 0 0 0])
  ("uniqid" .
   [0 0 0 1 0 1])
  ("email" .
   [8 0 0 0 0])
  ("code" .
   [14 0 0 0])
  ("first_name" .
   [2 0 0 1 0 0 0 0 0 0])
  ("usen_logo" .
   [0 0 0 0 0 1 0 0 0])
  ("features" .
   [0 0 1 0 0 0 0 0])
  ("background" .
   [1 0 0 0 1 0 0 0 0 0])
  ("lock" .
   [1 0 0 0])
  ("composer" .
   [0 0 0 1 0 1 0 0])
  ("/comja5/vendor/" .
   [0 0 1 0 0 0 0 0 0 0 0 0 0 0 0])
  ("/comja5/nbproject/" .
   [0 0 0 0 1 0 0 0 0 0 0 0 0 0 0 0 0 0])
  ("assets" .
   [5 0 0 0 0 0])
  ("asset" .
   [2 0 1 0 0])
  ("bootstrap" .
   [0 0 0 0 0 0 0 0 1])
  ("$data" .
   [13 0 0 0 0])
  ("table" .
   [4 0 0 0 0])
  ("bridge" .
   [8 0 0 0 0 0])
  ("Navigation" .
   [0 0 0 0 1 0 0 0 0 0])
  ("div" .
   [19 0 3])
  ("APP_DEBUG=false" .
   [0 0 0 0 0 0 0 0 0 1 0 0 0 0 0])
  ("null" .
   [4 0 0 0])
  ("gmail" .
   [4 0 0 0 0])
  (":code" .
   [1 0 0 0 0])
  ("coffee" .
   [1 0 0 1 0 0])
  ("show" .
   [2 0 0 0])
  ("class" .
   [7 0 0 5 0])
  ("raise" .
   [0 1 0 0 0])
  ("redo" .
   [0 1 0 0])
  ("create" .
   [4 0 0 0 2 0])
  ("roles" .
   [0 0 0 1 0])
  ("first_or_create" .
   [0 0 0 1 0 1 0 0 0 0 0 0 0 0 0])
  ("User" .
   [5 0 0 0])
  ("user" .
   [19 0 0 0])
  ("user_id:" .
   [0 0 0 0 0 1 0 0])
  ("role_id:" .
   [0 0 0 0 0 1 0 0])
  ("new" .
   [1 0 0])
  ("Settings" .
   [1 0 24 0 0 0 0 0])
  ("function" .
   [0 0 0 0 0 0 0 4])
  ("Mail" .
   [1 0 0 0])
  ("$this" .
   [1 0 0 0 0])
  ("call" .
   [1 0 0 0])
  ("env" .
   [4 0 0])
  ("comment" .
   [10 0 0 0 1 0 0])
  ("$table" .
   [3 0 0 0 0 0])
  ("string" .
   [6 0 0 0 0 0])
  ("unique" .
   [3 0 0 0 0 0])
  ("Auth" .
   [12 0 0 1])
  ("first" .
   [10 0 0 0 3])
  ("last_name" .
   [3 0 0 0 0 6 0 0 0])
  ("strong" .
   [1 0 7 0 1 1])
  ("span" .
   [3 0 2 2])
  ("endif" .
   [2 0 0 6 0])
  ("last_kana" .
   [2 0 0 0 0 3 0 0 0])
  ("$errors-" .
   [0 0 1 0 0 0 0 5])
  ("help-block" .
   [0 0 1 0 2 0 0 0 0 0])
  ("first_kana" .
   [2 0 0 0 0 0 1 0 0 0])
  ("has" .
   [2 0 1])
  ("col-md-6" .
   [0 0 0 1 0 0 0 0])
  ("input" .
   [2 0 0 0 1])
  ("type" .
   [3 0 0 1])
  ("text" .
   [1 0 0 0])
  ("form-control" .
   [0 0 0 0 0 0 0 1 0 0 0 0])
  ("organization_id" .
   [0 0 4 0 0 0 0 0 0 0 0 0 0 0 0])
  ("value" .
   [2 0 0 1 1])
  ("guest" .
   [1 0 0 1 0])
  ("else" .
   [2 0 0 0])
  ("home" .
   [4 0 0 0])
  ("stylesheet" .
   [0 0 0 0 0 0 0 0 1 0])
  ("Bridge" .
   [4 0 0 0 0 0])
  ("www" .
   [1 0 0])
  ("url" .
   [4 0 0])
  ("Theme" .
   [1 0 0 1 0])
  ("ログインを継続する" .
   [1 0 0 0 0 0 0 0 0])
  ("public" .
   [0 0 0 0 0 2])
  ("$users" .
   [9 0 0 0 0 0])
  ("$userlist" .
   [1 0 0 0 0 0 0 0 0])
  ("$user" .
   [4 0 0 0 0])
  ("gem" .
   [29 0 0])
  ("all" .
   [2 0 0])
  ("boostrap" .
   [0 0 0 0 1 0 0 0])
  ("git" .
   [2 0 0])
  ("/tmp" .
   [1 0 0 0])
  ("index" .
   [4 0 0 0 0])
  ("の場合、新規作成画面へ" .
   [2 0 0 0 0 0 0 0 0 0 0])
  ("の場合、新規作成処理へ" .
   [1 0 0 0 0 0 0 0 0 0 0])
  ("の場合、更新画面へ" .
   [1 0 0 0 0 0 0 0 0])
  ("の場合、更新処理へ" .
   [1 0 0 0 0 0 0 0 0])
  ("の場合、削除処理へ" .
   [1 0 0 0 0 0 0 0 0])
  ("wlan0" .
   [1 0 0 0 0])
  ("dateTime" .
   [1 0 0 0 0 1 0 0])
  ("default" .
   [0 0 0 0 0 1 0])
  ("$results" .
   [10 0 1 0 0 0 0 0])
  ("$id" .
   [14 0 0])
  ("$home" .
   [3 0 0 0 0])
  ("Home" .
   [2 0 0 0])
  ("Code" .
   [1 0 0 0])
  ("label" .
   [1 0 0 0 0])
  ("Address" .
   [1 0 0 0 0 0 0])
  ("E-Mail" .
   [0 0 1 0 0 0])
  ("Password" .
   [0 0 0 1 1 0 0 0])
  ("Confirm" .
   [1 0 0 0 0 0 0])
  ("First" .
   [1 0 0 0 0])
  ("selected" .
   [1 0 0 0 1 0 0 0])
  ("attendee" .
   [5 0 0 0 0 0 0 1])
  ("area" .
   [2 0 0 0])
  ("secretary" .
   [0 0 1 1 0 1 0 1 0])
  ("minutes" .
   [5 0 0 0 0 0 1])
  ("Form" .
   [1 0 0 0])
  ("close" .
   [2 0 0 0 0])
  ("$relation" .
   [1 0 0 0 0 2 0 0 2])
  ("$cover-" .
   [0 0 0 0 0 0 1])
  ("text-right" .
   [0 0 0 1 2 0 1 0 0 1])
  ("col-xs-10" .
   [5 0 0 0 0 0 0 0 0])
  ("col-sm-10" .
   [5 0 0 0 0 0 0 0 0])
  ("col-md-10" .
   [5 0 0 0 0 0 0 0 0])
  ("doc" .
   [1 0 0])
  ("doc_no" .
   [1 0 0 0 1 0])
  ("name" .
   [2 0 0 0])
  ("$datas" .
   [6 0 0 0 0 0])
  ("$result" .
   [2 0 0 0 0 1 0])
  ("$attendee" .
   [8 0 0 0 0 0 0 0 2])
  ("where" .
   [1 0 0 0 0])
  ("$attend_id" .
   [3 0 0 0 0 0 0 0 0 0])
  ("$attend_user" .
   [3 0 0 0 0 0 0 0 0 0 0 0])
  ("select" .
   [1 0 0 0 0 0])
  ("$users_id" .
   [1 0 0 0 0 0 0 0 0])
  ("$temp" .
   [1 0 0 0 1])
  ("$temp_attendee" .
   [2 0 0 0 0 1 2 0 0 0 0 0 1 0])
  ("$test" .
   [4 0 0 0 0])
  ("$attendee_temp" .
   [1 0 0 0 0 0 0 0 0 0 0 0 0 0])
  ("$attendee_users" .
   [0 0 0 0 0 0 0 0 0 0 0 0 0 0 1])
  ("$user-" .
   [3 0 0 0 0 0])
  ("$ids" .
   [2 0 0 0])
  ("$attendee_id" .
   [0 0 0 0 0 1 0 0 0 0 0 0])
  ("request" .
   [0 0 0 0 0 0 1])
  ("$request" .
   [1 0 0 1 2 5 2 1])
  ("$input" .
   [1 0 0 0 0 0])
  ("history-substring-search" .
   [0 0 0 0 0 1 0 0 0 0 0 0 0 0 0 0 0 0 0 0 0 0 0 0])
  ("History" .
   [0 0 0 1 0 0 0])
  ("powerline-default-theme" .
   [0 0 0 0 0 0 0 0 0 0 0 0 0 0 1 0 0 0 0 0 0 0 0])
  ("auto-install-pkg" .
   [0 0 0 0 0 0 0 0 0 0 0 0 0 1 0 0])
  ("setq" .
   [1 0 0 0])
  ("auto-install" .
   [2 0 0 0 0 0 0 0 0 0 0 0])
  ("source" .
   [1 0 0 0 0 0])
  ("highlight" .
   [1 0 0 0 0 0 0 0 0])
  ("color-theme-x" .
   [0 0 0 0 0 0 0 0 0 0 0 0 1])
  ("t" .
   [1])
  ("init" .
   [4 0 0 0])
  ("el" .
   [1 0])
  ("smartrep" .
   [0 0 0 0 0 0 0 1])
  ("sequential-command" .
   [0 0 0 0 1 0 0 0 0 0 0 0 0 0 0 0 0 0])
  ("Env" .
   [4 0 0])
  ("export" .
   [8 0 0 0 0 0])
  ("PATH=" .
   [4 0 0 0 0])
  ("$HOME/" .
   [2 0 0 0 0 0])
  ("$PATH" .
   [1 0 0 0 0])
  ("eval" .
   [3 0 0 0])
  ("jenv" .
   [1 0 0 0])
  ("htmlentities" .
   [0 0 0 0 1 0 0 0 0 0 0 0])
  ("then" .
   [1 0 0 0])
  ("Find" .
   [0 0 1 0])
  ("ssh/id_rsa" .
   [1 0 0 0 0 0 0 0 0 0])
  ("composer/vendor/bin" .
   [1 0 0 0 0 0 0 0 0 0 0 0 0 0 0 0 0 0 0])
  ("~/.zprezto" .
   [1 0 0 0 0 0 0 0 0 0])))
